$ANSIBLE_VAULT;1.1;AES256
35396333366335396438346266613936633664343465623630326231313664333936386162333664
6463616366663738613336333534323139613831313638640a613035356330313565646438613139
30326438396437303862376464653465313862626664666564653638323332343866646264393935
6139313436636362350a356431663336653437343136646566336430303266353163356230373865
39366132363832383131653130363362626161303134633738333461346465373864346666383734
35336236643065363933306439383730346662646637396466666363373765346536623339333466
65663563346131333363643735313539666462333030336664396438383639313135363631326534
36623064663034313439326432633339643762653036343133333237656362313035396665373335
31323962396237316661653233356163363937323365633832623034626263373861333861306235
30313661373062666335303761616562663634626631316162613932353736356133323562343466
36363963313730633634663235386663306138303436313164393366643666656538323237383531
65363766356366643066616163633863633339636437623664303566353665343232393832316133
61396264653034323531623333656139643436323166353531646137356338313332326238366539
66316165353562303338323036353732623632306338396663373661363433343936306334636366
61653966663864303962656661666139333961663630333731326262323734373633623631653464
37666266373563396166346639666337336635366565663636653563623230323561656331363134
62376536663534323363373433646538366231643263633038633037663639376234656135353330
32323265356134303861333939393835663666326462303534623033626435623038616239326339
36623166313363363231313639373739353932383266633865376431373235623132353331383463
35646331343034663830613266356535626261343631396237643663653132303461646135363636
62313539643863663761383737623866663030356235376438666538323335343435393462373564
34323436386265613434323637303761346364636532646566666166396139356564613464653932
616237666665346163366561303934623230
