$ANSIBLE_VAULT;1.1;AES256
39656562366262626135313865336136373131346634626132373166623034343836613736353336
6563623961396363326138343865383230656162373430350a613935643262313061306537303532
37356536346530643135656234383536663732326335373533623836386133393636376437646138
6364313936623934320a363362326362373132303965333766636563326136623835616563643865
39303938383038393230373135373266383462646538646566363363613831623933353838333732
32616334373330636138396562393530373163383237633232646535623332666232633635356661
31343863333461303363656534323739386235396239323363373835396530626435353432383833
32623462336135333834666133323963303633333839363338326435343565323431303734316339
38353765616233386261373031653166313938323165636231363566383063356336353534343137
35356238326565656339333466313237373863313832373462653662613234386336356333663537
39626638376233373061623362313633656664666338666466346336353163653565653031653735
39333136656632333835306665303230373865386263386361373039363634303330653762633332
39383133666538373464373066333761383332366431373937393531633465356365623761313663
36363432643737333230626262303566316163616634363734383035373633633261383164633364
37616636653538303137653066646265353134643137333064633532386335316131373533366531
38363736663964383461366432623138326432383232323532393261643833633061393739396162
33336435323739396563643062366232353763343538306138366661383936363235396635373336
33363030333938336238343434333437653433303161363132303137393063363065356331323064
39303135613463333966646333663230653530646463643036346132633039353162346466356366
39383531326436633833373036636539353239663236343935643566333366666235396463386135
64333133346236346139306132653263396564613461613234613536336235626130396339353238
30386463303363326262386161616434376131356139313631626639323833333235333764363964
37373966666238636533663666633032666231363262353161366162613036353131306662393538
31343764306562656361366139393064616533373936663433613738666466313062346364363061
63613935613431356637346537613733653530343563303130346439303936303732646361343039
33626638363530336561323330616261643235623539616433313364643761626131326338313836
33363833353634333236373962386561643535396134353535363035343637343636626362363733
63393436636536373265656161643131636466363637343834653336306661353236626234303437
32323033303062323532643562383232616334346465636436353361613139656431613465323863
64646664396661623230383238376434363563313335313433333064616335323234653565383066
63356235653835373461386362383238356137326632383134373265303239613737653735333863
64306430333437613065646466653033653536326233356565373138626461353839666365343432
38616531373739363862313463313334303461663038393738663062643563626531386166653966
30363266623564383166326530666634373534376265373564356462626261623335313965343332
66666564376662653431613033646334326538633932326138353865333330306561306563623737
33323161303738666466336465333732663132303438323262323539303561323463663666646630
64663464363839616432356638623431613634313131323363383664373963383462316531633531
39306463666436383063666135326263343233356431636439343265653631326134356365383063
65643562656161643231393139306562653535326234383034373137623564316238383961656530
66313363373330316535623437636439613536396437386233626163323534326431666233373538
62663933636563363031333036316530346431306330306364663933626165353966343361343063
30373730386637383866373436336539613131353038386461383133393262623065326237353733
33376235306630636331303362636339656461326431386432616331636238643037363065323732
35363133643032303733656132376231323561663438383063666132373764633065326464306661
63306538313461383834636161653237616538373038666335663436623462653937383666613935
32633534646565353662393936353335396562613730643139643930316332353337616131376562
34656632353837623936303935303338316463633335633966663535393033356231643234346666
36333330643535663162613265616165366566646664373737633937643038363336396462376265
66353838383264306236623865646332333563336433393936636237646633626433303064306663
38623033346365663134363438636636343438613232623034303231386539613863623636363432
66616436613937666663336663326132373066303961626561656164333266356565643132356134
38376135366530323038623231623333616136363265663636666563333136616131666539663938
61383632643263663735313339656261393132383965653365636635333535383235323966643334
31623733346530326361383232313565623638326130616265643337373466383864316434623966
38343761306331633366313234393636643437623737653236353235363732623332613062396566
63646135643334653032393434306631383664346336616632363030333934343335306231363831
65626132303931373536653266626132376233316431303666626364343462353736333135653162
35363166363431303364383861366263363566353361333836383431353465653131323561376331
30636465376530376639613030363039383963666232663930396135376237653962386635643663
62353366363165303435383661353639363663626438356263626664326664326634616466663338
62303761343836366165613232616363303439636436333933646532613733326230626536386439
31653134353937656662623531643061323332353833646561313332313065636330386631356632
64386233626439306531613238323837386430323633626330356164663139366364316431333539
35353162343633376432333334653162616638656538633934323732383735663730363261363832
62303331393561666466326130613666303932646366336533663635363331646634393835356138
61363633643364313735393161663930363435316537613663386561363631646334666166343366
62396233306461306436633030666137613632353231303938316261376161323536383437626263
30626263333635333261313730303666653937323339316139306538653761636630316264633030
32633736626565396362373766373731353531323432643166613938663964656334373839636465
65646534386266613462663064383433316538646265313831363031396635386139653037636439
38393932316362306537613230333164343738386436656434313366653762656630613931333937
61316330343862623764376266333033306138393330306132336334353936346235633232656231
31366635356535373238393464653061353335653361356638656435666263386333313138313761
36316539323563643964653535626366656537383064373539663564346466326461336632343733
30386165313865336262383031366464346333643637393236333733326131303133306635613464
39613531613436643365663933663964383832306465623464333435393936323135643335313136
63353834653863646466336161306439616365363062383563363865326536633031386366613533
30383037633165346532663064646639613963383238303236633762366533356331646333336434
65626434386366376162623632383936396139383535656630623937623935383437613430346137
32666562386630616130376234663036663939666239613139663839646333313633333064323338
37353861333762613637313938313237303162346330626635333932393230343261336531613237
31663761373733306663613965346234386136323132653038303432386636623736396437396638
36376230326335666138346531363064336465363531343661663262623631383137646331356431
39663036306331616131633739326431313630646639363434373931643734383933643938633934
63346136336463633235643835356231353035623338383163633663343831353265366432613966
35666633313161393166333061366534353761376632313739373765663839633237333934306336
35343766616365643335653935626333623337373236313330323239393064386463613164373531
66316438396238333761
