$ANSIBLE_VAULT;1.1;AES256
63343662323466363538336362383438363530623164636262666432643137646230636637386130
6231633732343536306565613832306233396634656336390a393161623736663065633438656539
33363433633130633535326534623730616239336432326438313263313337396362393730633362
3631303066326138650a633863356337363162363232356436663561643138353031633734323738
65653362663035643466383762333666353562623938306561323264623462326234383233396432
33653033396363376363386134653937313930326335636563343033336535613135303038653331
34653431623539376531643864356164643131623835613639323639633635636635336139643164
38376536333432353634663362376234316263636431643539333661376263313431313133353337
30306366666136623734653430316435666437343937363465653965643365323431333132393935
63363935306232313861313665303238366330363436363730643539306263386636623931643163
61623465363135373937666631646433656262623463303832333766353531656130323734353461
33656265653137306637386338613531616331373839643165386132633061633762653238643564
37303363313564333465653530616661323165316137396163623338633735636533303337366136
36656563656665333563356530363061653764643231326132303230333562386661666633646132
34626166623365383062636433333937343530656661306362363138396233666534663534303333
64366332623066326530613535616166383236616132366566376565306530666463383535363831
33323464333432383131643162646262383966356662636531333338393430356532323635643639
63643939363239376465333339306237636532363530396232653261376337616130373635323137
37653530663138366365393736356263363632353931336536396131633533386430353034656631
30346338323961323863326330636663323763373731326165636637623833363862653836373934
32623661353637346662303461653136353939333132613137326539333363633266333236623036
32323465373733343634363433383263666536363837663061306237663264643633353965383739
61656463336565643838323633306130396634626438646662326266663262646630353766353761
65613535616566633235393838333630383266373737353031646537323138653034366238306461
66633561333134386431303937346561306637383632396130313563336533623262303637333334
65613233303561323933343536363133366665326131653731663338343333323433306466366530
63313533383139333133353530343361396135656362303638616562343164336361393564643365
37376432336137663364333933396561646134623761393061653934626535626566333365363935
64653038363234653633336332656163363737393964326566646233643966326662356564616238
64313033633433653734643234336662393062613965316333343261343031626465376133366631
63366166376261326538646565623338656331303731653764613934616162363366386463376563
61613131643261386164326261653237646462323266313864656234663638613666393638313436
61626563623363303630313638336366656332393231653866346639613765623238333134623835
37653064306666333536383263343238366538366333656432616662323233613563393036346666
61333332663730383433633430623937613032653564303062613463633833636236643462306539
64343963626532353534383564333932643932633366383962393439343136373534633462626138
31313236316138396361656332323330663739356566313966336566633765666162653836646266
63366462323335323937393439313261663064336238656330316439393861333761393364333261
37363737356536313830373630373232613064333736313833363463613939373661636237363164
66626436613662666434303665623432633866343135366333653763313737366635653431636362
38316363316464383333383637326663333036633464393365666466346164653165643630633231
32346266613732356361366661376632643435613466393162643065386233396537333439393661
36393061353831613561393935653234653231636265666331326166303364623633303061336561
61663262303235346539313833323764366166626261326635353036363261663535373463663537
37363839643030633561303566613333396134653532363235333136336533396431363730656661
33643830386261346638343932393362613133663639643564313334383437346136653236656630
32393435646165616435373438323736346164333236396331613538303939623230383932306666
30363432303965346239386234303736386661323438396266653265623565613731616661346435
30623231333933373337396630353064303636386162366238396131613966383961373039646138
30656663666563383566366433376136383836333462333066653032373131666538313065333466
38393363656135373963346231376530323436643439323664323736363735303161386663346565
35393361313765303731313437363066336632656534323166643265643762366236313839373639
39356461373763633135396431653932613038616237373832623234646335313539306234393237
39316139643734643765303733336637613763643537653661613266386262343661373139346534
38333432363239353164316236383364326633353134346665346531646239313964323431333666
62633165303835363732373961656136613261326263303931313937626433313835303466333061
37333863356132636463363566376465633437326232353331646336383364623632663065643535
30646237353861396630313837366339636537663238353238373662633263386661386265343130
31366132323866326232306531326262373838386662356361623738643166306330333134383164
31623131323236613961306137616332653463646132373665623136643632303034616465396637
30393631306662633239623764663162303262353833383963363263663961343962653061326433
65366564356633346231316630623839323066613662653566326433636463663931643631663934
33386165616338663131363130646234633630333633333332343332653864373265366364376432
34316535333437313437353032306666333632623365333862393965633266353933613339343161
64303037653734333139346565316433336462373562383037643862393362623439333434313635
31636138393134363966643762306466376263376134643935643665663766616365383961363437
39386136623064616330366636333566376639633436353035383131306666336462393931376334
32313437323337303966356465666530313038323962353131613666383935326335346535626566
34626338373835353438653161666462653264646662386434623462616536666339316137323431
63663334383931666139386464366233343731303232663535656363346632333863306130353564
38383633326232336364656432656235633235373731333534663530336439666535343735333833
65333732326266346337383535333135383464666437633137616238343739633062363731353766
66316631666235393636313533306631633836636639353165653063623463663362313739613565
35333366616139343731346462376631393235323839333331633766666232303061353765303639
36343135383437336435353966303965623962633733363038323534313362323461303432633466
63623830383639393838356438616436343638646662346663623263353638363663353162663330
39396536663338393538336161646231616465366163356439323465373833393366303163656135
63353766633137326661613066383534363166663364636261383965663163386662373330336339
37656238396631393736336637613835613565353338643833633834396361353233626536623437
61336661343162373463663561656430366466313631343763303438643366666134313633313033
63313563616165666162303266646134373439653534316261326232653466616261333730386133
37373665643037656439613163343035383964323764396132633966353866303230393362616236
65626434643436353734343063613638663739383538313131626136633963396333316134383736
37326262306438336438356134323734323039353766663163616532363936396433306532323461
30656264383830393266333731383563363534663338633639393332393863343131643539346539
35623131646132373430333564616330666663333430333938613830303763373161663836383434
65633266613064386330386266613863313766656164653365623363383232643664363432333331
38666534376237343834
